2
93
319 160
337 161
564 52
634 53
703 58
743 72
756 93
763 120
765 141
759 162
750 180
746 197
737 225
728 256
719 277
694 342
677 347
656 352
649 359
624 384
600 390
582 393
571 403
553 412
542 418
531 425
530 431
529 441
526 457
528 473
532 484
542 502
553 514
573 525
587 530
600 545
596 560
582 577
577 592
562 617
548 646
537 665
523 687
512 704
501 727
515 745
740 786
794 759
843 732
867 692
889 643
907 571
913 496
922 412
956 309
999 168
1011 123
1035 76
1078 21
1127 22
1178 25
1206 29
1290 48
1460 137
1508 220
1515 370
1545 468
1493 719
1375 895
1293 948
1087 972
1042 978
937 983
830 981
777 983
546 981
435 979
294 956
150 880
124 811
105 737
72 623
91 563
136 543
161 536
252 467
282 456
194 269
176 211
177 176
196 159
226 154
317 160
44
646 880
688 881
760 871
839 844
856 791
901 748
958 723
1031 650
1146 413
1146 360
1166 292
1167 148
1309 217
1347 264
1366 285
1372 344
1369 410
1372 495
1340 570
1298 697
1235 749
1194 774
1038 873
867 873
627 891
439 865
271 674
294 580
358 552
381 472
366 387
342 286
424 247
474 233
562 206
534 281
505 321
478 352
442 461
379 632
380 697
412 755
475 845
642 878
