2
61
146 450
150 353
178 302
224 258
312 213
477 185
671 156
863 128
938 124
1016 140
1187 163
1239 168
1409 213
1451 269
1453 313
1433 348
1359 385
1299 401
1217 415
1138 432
1051 445
989 466
950 491
917 520
922 543
952 576
1054 627
1117 647
1206 665
1295 672
1401 678
1477 679
1548 696
1602 742
1619 777
1630 846
1621 910
1505 957
1317 938
1166 938
929 893
815 892
675 894
613 907
547 910
437 898
346 866
324 836
316 800
323 764
333 734
311 672
237 635
135 607
86 573
79 538
88 500
107 478
129 467
144 457
145 449
96
246 473
257 434
276 392
299 369
317 355
380 332
432 314
497 302
553 286
598 279
632 271
690 262
731 255
796 244
855 232
895 226
955 224
1002 223
1070 239
1090 241
1121 253
1170 263
1198 271
1225 282
1214 300
1185 311
1166 324
1124 335
1062 346
1025 353
941 369
879 375
832 384
801 413
772 462
760 518
754 561
767 613
794 634
838 653
892 672
941 692
995 715
1052 736
1112 739
1158 740
1221 746
1269 748
1298 751
1349 768
1359 773
1360 775
1390 782
1409 788
1421 802
1446 809
1462 813
1465 829
1464 848
1444 854
1391 853
1313 846
1277 846
1242 840
1190 833
1135 822
1102 819
1049 802
995 793
929 784
866 781
813 777
775 781
735 791
687 802
642 807
580 802
541 799
498 788
461 772
457 738
435 701
422 671
416 636
412 614
400 591
371 572
312 559
259 563
233 558
208 547
214 525
223 508
240 483
244 478
245 472
